Scores for 3 executions on protein.txt dataset:
	Hadamard: 0.7768154422991823
	L1: 0.7087667322717269
	L2: 0.7331288776401133
	
Scores for 3 executions on wikipedia.txt dataset:
	Hadamard: 0.6671510913438828
	L1: 0.7812271761213984
	L2: 0.7999322839963732

Scores for 3 executions on ca-AstroPh.txt dataset:
	Hadamard: 0.9635397116811552
	L1: 0.6157913228408334
	L2: 0.6535742567028303

Scores for 3 executions on facebook.txt dataset:
	Hadamard: 0.9645488133825962
	L1: 0.8246594283382823
	L2: 0.8179991084313681
